4898|52|1080|360|||2596|||PL||2
4905|90|0|1440|7,15||2601|||WM||2
4911|71|1020|1320|||2606|||WM||2
4913|108|0|1440|7,8||2606|||WM||2
4915|47|600|1080|||2628|||WH||2
4918|63|1080|360|||2616,4898|||WM||2
4924|74|540|900|1,2||2585,4869,4904|||WH||2
4945|54|900|600|||2592|||PL||2
4953|98|1020|600|||2594|||WM||2
4958|80|1020|600|||2594|||WM||2
4985|80|1020|600|||2599|||WM||2
4991|56|0|1440|7,8||2620|||WM||2
4994|9|1020|600|||2601|||WM||2
4999|55|0|1440|1,2,3,4||2618|||PL||2
5007|84|0|1440|14,2,1||2603|||WM||2
5016|99|240|540|||2626|||WM||2
5017|82|600|900|1,2||2607|||WM||2
5021|24|0|1440|17||2625|||WM||2
5022|9|0|1440|4,3||2620,4995|||WM||2
5023|16|0|1440|9,10||2607|||WM||2
5027|22|1020|540|||2607|||WM||2
7678|37|540|840|||2591|||PH|B|2.2
7679|39|540|840|||2586|||PH|B|2.2
7680|44|0|1440|||2589|||WH|B|2.2
7681|43|0|1440|||2586|||PH|B|2.2
7682|42|0|1440|4,3,5||2594|||PH|B|2.2
7683|8|1080|120|||2592,4942|||WH|B|2.2
7684|60|960|120|||2585,4869,4904|||WH|B|2.2
7685|36|540|840|||2587|||PH|B|2.2
7686|38|0|1440|1,2||2611,4874|||WH|B|2.2
7687|59|1140|180|||2606|||PH|B|2.2
7688|40|0|1440|||2588|||PH|B|2.2
7689|77|0|1440|4,3,11||2614|||WH|B|2.2
7690|47|0|1440|||2628|||WH|B|2.2
7691|49|960|1320|||2589|||WH|B|2.2
7692|75|1020|180|||2588|||PH|B|2.2
7693|64|540|840|1,2||2628|||WH|B|2.2
7694|6|1260|180|||2586,4927|||PH|B|2.2
7695|19|1020|1260|||2623|||WH|B|2.2
7696|91|0|1440|||2588|||WH|B|2.2
7697|50|0|1440|4,3,5||2626|||WH|B|2.2
7698|76|1140|1440|||2588|||PH|B|2.2
7699|18|540|840|||2611|||WH|B|2.2
7700|3|1260|180|7||2594|||WH|B|2.2
7701|100|540|840|4,3||2614|||PH|B|2.2
7702|79|1020|420|7,8||2592|||WH|B|2.2
7703|96|1020|1260|||2590|||PH|B|2.2
7704|78|1200|180|7,8||2597|||WH|B|2.2
7705|2|0|1440|||2586,4927|||PH|B|2.2
7706|73|1260|180|||2594|||WH|B|2.2
7707|35|540|1020|||2587,4874|||WH|B|2.2
7708|81|900|1260|||2590|||WH|B|2.2
7709|41|300|480|||2617|||WH|B|2.2
7710|45|0|1440|7||2596|||PH|B|2.2
7711|70|0|1440|||2619|||WH|B|2.2
7712|46|1260|180|||2589|||PH|B|2.2
7713|90|1020|120|7,15||2601|||WH|B|2.2
7714|72|0|1440|1,2||2594|||PH|B|2.2
7902|97|1020|1110|||2597|||PH|B|2.3
7903|48|180|300|3,4,5||2591|||WH|B|2.3
7904|67|240|360|||2614|||WH|B|2.3
7905|66|1020|1170|3,4||2620,4995|||WH|B|2.3
7906|71|1050|1080|||2606|||WH|B|2.3
7907|10|1260|1380|||2594|||WH|B|2.3
7908|11|1080|1140|||2594|||WH|B|2.3
7909|51|1200|1380|||2613|||WH|B|2.3
7910|69|1200|1320|||2606|||WH|B|2.3
7911|83|0|1440|4||2592,4948|||WH|B|2.3
7912|7|0|1440|7||2594,4948|||WH|B|2.3
7913|13|0|480|4,3||2595|||WH|B|2.3
7914|14|0|1440|||2597|||WH|B|2.3
7915|52|1140|1260|1,2||2596,4898|||WH|B|2.3
7916|98|1140|1320|||2594|||WH|B|2.3
7917|104|240|360|1,2||2596,4898|||WH|B|2.3
7918|80|1050|1200|1||2599|||WH|B|2.3
7919|106|1260|1440|4,3||2607|||PH|B|2.3
7920|4|1080|1380|||2597|||PH|B|2.3
7921|12|1290|180|1,2||2617|||WH|B|2.3
7922|15|0|1440|9,10||2599,4978|||WH|B|2.3
7923|105|1380|240|4||2592,4942|||WH|B|2.3
7924|53|540|900|1||2598|||WH|B|2.3
7925|54|1020|1200|||2599|||PL|B|2.3
7926|61|0|1440|6||2619|||WH|B|2.3
7927|155|960|1125|||2626|||WH|B|2.3
7928|84|720|1080|14||2603|||WH|B|2.3
7929|85|0|1440|4||2620|||WH|B|2.3
7930|87|0|1440|14||2600,5035|||WH|B|2.3
7931|86|540|960|14||2600,5035|||WH|B|2.3
7932|26|0|1440|16||2623|||WH|B|2.3
7933|31|1320|240|||2603|||PH|B|2.3
7934|5|1080|1260|||2599|||WH|B|2.3
7935|92|0|1440|9||2599,4978|||WH|B|2.3
7936|16|0|1440|10||2607|||WH|B|2.3
7937|99|1170|165|7||2601|||WH|B|2.3
7938|55|0|1440|1,2||2618|||WH|B|2.3
7939|56|0|1440|4||2599|||WH|B|2.3
7940|57|540|960|1,2||2592,4948|||PH|B|2.3
7941|62|540|900|4,3,5||2587,4872|||WH|B|2.3
7942|82|0|1440|4||2601|||WH|B|2.3
7943|89|1320|240|4||2626,4995|||WH|B|2.3
7944|30|300|420|1,2||2623|||WH|B|2.3
7945|28|1200|240|1,2||2597,4937|||WH|B|2.3
7946|32|0|1440|||2599,4937|||PH|B|2.3
7947|20|270|600|4||2624|||WH|B|2.3
7948|101|1410|65|||2616,4898|||WH|B|2.3
7949|34|600|900|1,2||2605,5040|||WH|B|2.3
7950|65|1020|180|4,3,5||2585,4869,4904,4919|||WH|B|2.3
7951|22|180|780|17||2603|||WH|B|2.3
8752|58|0|1440|||2599,4978|5031x3|600|WH|B|2.4
8753|107|0|1440|1|7,8|2587,4874,4888|||WH|B|2.4
8754|108|0|1440|7,8||2606|4913x3|350|WH|B|2.4
8755|63|1320|180|4,3,5||2596,4898|||WH|B|2.4
8756|63|1200|240|4,3,5|1,2|2596,4898|||WH|B|2.4
8757|102|1140|120|1,2||2585,4869,4904|||WH|B|2.4
8758|25|0|1440|1,2|17|2603|||PH|B|2.4
8759|23|0|1440|17|1,2|2603|||WH|B|2.4
8760|21|0|1440|||2625|5008x5|300|WH|B|2.4
8761|24|1080|540|17||2592,4942,5002|||WH|B|2.4
8762|94|480|1080|17||2599,4978,5011|||WH|B|2.4
8763|94|0|1440|||2599,4978,5002|8762x1|1400|WH|B|2.4
8764|74|0|1440|||2585,4869,4904|4904x6|120|WH|B|2.4
8765|103|1080|300|4||2599,4978,5002|||WH|B|2.4
8766|95|0|1440|4,3,1,2|7|2599,4978|||WH|B|2.4
8767|88|60|200|4|1,2|2599,4978|||WH|B|2.4
8768|86|480|1200|14|4,3|2600,5035|||WH|B|2.4
8769|29|1140|240|16,15||2599,4937|5544x5|180|WH|B|2.4
8770|33|0|1440|1,2|16,15|2607|||PH|B|2.4
8771|27|0|1440|16|1,2|2605,5040|||WH|B|2.4
8772|27|0|1440|16|1,2|2605,5040,8771|||WH|B|2.4
8773|9|0|1440|4,3|7,9|2620,4995|||WH|B|2.4
8774|17|0|1440|9,10||2603|||WH|B|2.4
8775|17|0|1440|||2624|8774x1|60|WH|B|2.4
8776|93|270|690|4|1,2|2599,4978|||WH|B|2.4
10123|51|1380|120|||2619|||WH||2.5
12721|117|0|1440|3,4,11||12707|||WM|C|3
12723|139|0|1440|2,1||12708|||PL||3
12724|110|0|1440|16,15||12708|||PL|C|3
12726|111|480|1200|||2599,4937|||WM|C|3
12727|112|0|1440|15,16||12705,12715|||WM||3
12739|135|600|1080|||12711|||WM|C|3
12740|117|0|1440|11,3,4||12707|||WM||3
12741|117|0|1440|11,4,3||12706|||WM||3
12742|131|960|1095|||12704|||PL|C|3
12743|129|540|1440|||12711|||PL||3
12746|138|0|1440|3,4,5||12708|||PL||3
12749|136|0|1440|1,2||12707|||WM||3
12751|144|0|1440|3||12711|||WM||3
12761|118|0|360|11,3,4||12704,12722|||WM|C|3
12762|109|0|1440|15,16||12705|||PL||3
12763|116|0|1440|15,16||2607,12715|||WM||3
12765|116|0|1440|15,16||12711|||WM||3
12766|110|0|1440|15,16||12708,12724|||PL||3
12767|119|1260|180|||12711|||WM|C|3
12774|144|1260|1440|||12711|||PL|C|3
12784|134|600|840|1,2||28634,12753,12805|||WM|C|3
12786|123|1080|360|||12709,12754|||WM||3
12789|134|0|1440|3||12708|||WM||3
12792|131|480|700|||12706|||WM|C|3
12796|111|480|1080|||28634,12715|||WM||3
12799|110|0|1440|2,1||12712,12716|||PL||3
12802|135|1080|1230|||12707,12730|||WH|C|3
12803|143|1080|180|3||12711|||WH||3
12812|140|0|1440|9||12710|||WM||3
12815|146|0|1440|9||30136,12776|||WM||3
12816|146|1200|180|||30136,12776|||PL||3
12821|133|540|990|||12712|||WH|C|3
12827|146|0|1440|9||30136,12776|||WM|LC|3
12828|120|1320|200|||12704,12722|||WM|C|3
12829|136|0|1440|2,1||12711|||WH||3
12830|127|780|1200|||12711|||WH|LC|3
12831|128|900|1080|||12707,12730|||WH|C|3
12832|124|540|1020|1,2||28634,12754|||WH|L|3
12833|145|900|1080|||12708|||WH|C|3
12836|128|0|1440|2,1||12711|||WM|L|3
12837|112|0|360|||12711|||PL|LC|3
13727|146|0|1440|9||12710|||WM|L|3.1
13728|111|0|240|16||12711|||PL|L|3.1
13730|139|0|360|1,2||12712|||PL|LN|3.1
13731|132|930|1020|1,2||12712|||WM|L|3.1
13732|128|0|360|3,4||12711|||WM|L|3.1
14211|120|360|720|||12711|||WH|LC|3.2
14213|137|0|1440|2,1||12712|||WM|L|3.2
14215|124|0|1440|1,2||12709|||PL|LN|3.2
14218|142|1080|1380|9||12710|||PL|L|3.2
14220|127|0|1440|4,3||12711|||WM|L|3.2
15626|109|0|1440|||12711|||PH|B|3.3
15627|113|0|1440|||12711|||PH|BLN|3.3
15628|115|0|1440|||12711|||WH|BL|3.3
15629|117|0|1440|11,4,3||12711|||WH|BL|3.3
15630|119|1320|120|11,4,3||12711|||WH|BL|3.3
15631|121|0|1440|||12709,12754|||WH|BL|3.3
15632|125|0|1440|||12707,12780|||WH|B|3.3
15633|129|480|600|||12711|||WH|BL|3.3
15634|132|240|360|1,2||12712|||PH|BL|3.3
15635|135|840|960|||12711|||WH|BL|3.3
15636|138|0|1440|5||12712|||WH|BL|3.3
15637|140|0|1440|||12710,12776|||WH|B|3.3
15638|143|1260|120|3||12705,12777|||WH|BL|3.3
16742|133|0|1440|6|1|12712,12805|||WH|BL|3.4
16743|139|0|1440|1|4|28634,12753|||WH|BL|3.4
16744|146|0|1440|9|3|30136,12776|||WH|BL|3.4
16745|110|0|1440|16|16,15|12708,12724|||PH|B|3.4
16746|111|600|1080|16||12705,12715|||WH|B|3.4
16747|118|720|960|1|3,4,11|12711|||WH|BL|3.4
16748|126|1260|120|1||12705,12757|||WH|BL|3.4
16749|130|600|780|1|6|12711|||PH|BL|3.4
16750|137|600|780|2,1||12712|||WH|BL|3.4
16751|122|120|360|||12709|||PH|BL|3.4
16752|141|0|1440|||12710,12776|||PH|BL|3.4
16753|144|360|600|||12705,12777|||PH|BL|3.4
16754|128|120|360|8|7|12706,12780|||WH|BL|3.4
16756|116|0|1440|16|15,16|2607,12715|||WH|BL|3.4
17577|112|600|840|1||12711|||WH|BL|3.5
17578|114|0|1440|16|15|12711|||WH|B|3.5
17579|136|480|720|1|4|12707,12730|||WH|BL|3.5
17580|142|1080|1320|9|3|12710|||PH|BL|3.5
17581|145|0|1440|9|2|12712,12805|||WH|BL|3.5
17582|120|360|480|9|11,3,4|12704,12722|||WH|BL|3.5
17583|123|480|960|1|1|12709,12754|||WH|BL|3.5
17584|124|480|960|1,2|4,11,3|28634,12754|||WH|BL|3.5
17585|127|0|1440|8|3,4|12704,12757|||WH|BL|3.5
17586|131|0|1440|6|3|12711|||WH|BL|3.5
17587|134|0|1440|6|1|12712|||WH|BL|3.5
17588|124|600|900|1,2||28634,12754|12800x3,12754x5|180|WH|BL|3.5
17589|146|0|1440|9||30136,12776|13727x3|105|PH|BL|3.5
17590|127|60|240|1||12705,12757|12757x6|160|PH|BL|3.5
17591|139|300|420|1||12712|12810x3,12753x3|60|PH|BL|3.5
17592|112|0|180|16||12705,12715|12715x5|120|PH|BL|3.5
17593|134|300|480|6||12712,12805|12805x5|100|WH|BL|3.5
20018|159|0|1440|9||20617,20112|||WH|L|4
20021|173|960|1440|||20675|||WM|C|4
20027|171|1200|240|||20615|||WH||4
20030|176|0|240|7||20675|||WM|LC|4
20034|160|600|1080|1||20676|||WM||4
20036|198|0|1440|1||20615|||PL|C|4
20040|196|720|1080|10||20616,20025|||WH|LC|4
20043|192|0|1440|1||20675|||PL||4
20051|174|0|1440|7||20675|||WH|LC|4
20058|185|0|1440|3,4||20614,20064|||WM||4
20073|193|0|1440|3,5,4,11||20675|||WM||4
20074|193|0|1440|5||20675|||WH|C|4
20076|194|0|1440|4,5,3,11||20615|||WM||4
20084|187|0|1440|3,4||28634|||PL||4
20085|187|960|1095|||20613|||PL||4
20086|187|0|1440|3,4||20619|||WM||4
20100|162|480|960|3,5||20676|||WH|LC|4
20114|170|0|1440|7,8||20619|||WM||4
20122|174|600|1080|||20615|||WM||4
20124|169|1020|600|||29717|||WM||4
20141|195|0|1440|1,2||20619|||WH||4
20142|186|0|240|4||20675|||WM|LC|4
20143|156|0|1440|7,8||2585,4869,4904|||WM|B|4
20524|156|480|960|||2585,4869,4904|||WH||4
21174|187|1140|1380|3,4||20619|||WM|L|4.1
21175|195|720|960|3,4,5,11||20619|||PL|L|4.1
21176|159|480|720|5||20676|||WH|L|4.1
21177|168|0|240|||20675|||WM|L|4.1
21178|178|960|1200|2,1||20675|||PL|L|4.1
22389|189|240|480|||20675|||WH|L|4.2
22390|163|300|420|||20676|||PL|L|4.2
22391|194|0|1440|2,1||20619|||WM|L|4.2
22392|184|0|1440|3,4||20613,20064|||WH|L|4.2
22394|196|0|1440|3,4||20616,20025|||WH|L|4.2
22397|168|240|480|||20675|||WM|L|4.2
22398|179|0|1440|3,4,5||20614,20127|||WM|L|4.2
23055|168|240|480|||20675,22397|||WM|L|4.3
23056|168|240|480|||20675,22397|||PL|L|4.3
23057|182|0|1440|||20615,20056|||PH|BL|4.3
23058|186|0|1440|9||20675|||PH|BL|4.3
23059|187|720|960|||20619|||WH|BL|4.3
23060|190|0|1440|11||20619|||WH|BL|4.3
23061|191|480|720|||20615,20056|||WH|BL|4.3
23062|196|0|1440|1||20616,20025|||WH|BL|4.3
23063|157|0|1440|||20617,20112|||WH|BL|4.3
23064|197|0|1440|||20676|||WH|BL|4.3
23065|161|960|1200|||20676|||WH|BL|4.3
23066|164|0|1440|9||20617,20112|||WH|BL|4.3
23067|170|720|840|||20675|||PH|BL|4.3
23068|174|0|1440|4||20675|||WH|BL|4.3
23069|179|1200|1440|||20675|||PH|BL|4.3
23070|180|0|1440|5||20675|||PH|BL|4.3
24203|168|0|240|||20675,21177|||PL|L|4.4
24204|168|0|960|2,1|2|20675|||PL|L|4.4
24205|183|0|1440|9||20615,20056|||WH|BL|4.4
24206|184|480|720|3,4||20613,20064|||WH|BL|4.4
24207|185|960|1200|||20675|||WH|BL|4.4
24208|188|0|1440|4||20675|||WH|BL|4.4
24209|189|1200|1440|1||20619|||WH|BL|4.4
24210|192|0|1440|2|4|20613|||WH|BL|4.4
24211|194|960|1200|3||20619|||WH|BL|4.4
24212|193|0|1440|1|3,5,4,11|20619|||WH|BL|4.4
24213|198|240|360|||20614|||PH|BL|4.4
24214|158|0|480|3|9|20676|||WH|BL|4.4
24215|162|0|1440|5|2,1|20617,20112|||WH|BL|4.4
24216|173|0|1440|2,1|3|20675|||WH|BL|4.4
24217|178|480|960|3|7,6|20614,20127|||WH|BL|4.4
24218|177|240|480|4||20619|||WH|BL|4.4
24881|195|0|1440|2|1|20619|||PH|BL|4.5
24882|159|1200|1440|9||20617,20112|||WH|BL|4.5
24883|160|600|1080|2|9|20676|||WH|BL|4.5
24884|163|960|1440|9|2,1|20617|||WH|BL|4.5
24885|165|0|1440|7||20614|||WH|BL|4.5
24886|166|0|1440|1|2|20619|||WH|BL|4.5
24887|167|1200|1440|1||20675|||WH|BL|4.5
24888|171|960|1440|8||20675|||WH|BL|4.5
24889|172|0|480|2|3|20675|||WH|BL|4.5
24890|169|720|960|4||20619|||WH|BL|4.5
24891|181|240|480|2,1|7|20619|||WH|BL|4.5
24892|175|480|720|1|2|20615|||PH|BL|4.5
24893|176|0|480|4,3,5|2|20614,20127|||WH|BL|4.5
24990|185|960|1200|||20675,24207|||WH|BL|4.5
24991|190|0|1440|11||20619|23060x2|175|WH|BL|4.5
24992|196|960|1080|||20616,20025|20040x2|350|WH|BL|4.5
24993|158|240|480|3|9|20676,24214|||WH|BL|4.5
24994|168|0|1440|||20675|24203x3,23056x3,24204x5|175|WH|BL|4.5
24995|181|330|390|1|7|20675|||PH|BL|4.5
27432|203|0|1440|1||27589|||PL|LC|5
27456|213|960|1440|4,3||27588,27457|||WH|LC|5
27467|216|600|1080|14,1,2||27584,27461|||WH|LC|5
27481|222|0|1440|1||27589|||PL|LC|5
27492|226|720|1200|||27587|||WM|C|5
27494|229|0|480|4||27589|||PL|LC|5
27500|232|0|1440|2||27588|||WM||5
27508|233|720|960|1||27588,27506|||WH|LC|5
28065|201|1080|1320|||27589|||PH|BL|5.1
28066|214|720|1200|1||27590|||PH|BL|5.1
28067|204|0|1440|4||27589|||WH|BL|5.1
28068|210|0|1440|7||27585|||WH|BL|5.1
28069|215|0|360|11||27586,27460|||WH|BL|5.1
28070|219|1200|1440|2,1||27589|||PH|BL|5.1
28071|225|600|720|||27587,27490,27491|||WH|BL|5.1
28072|235|360|600|3||27590|||PH|BL|5.1
28925|206|960|1440|3,4|1,2|27589|||WH|BL|5.2
28926|209|0|120|||27589|||PH|BL|5.2
28927|216|720|960|1||27584,27461|||WH|BL|5.2
28928|221|0|1440|4|2,1|27585|||PH|BL|5.2
28929|227|120|720|1,2|3,4|27587|||PH|BL|5.2
28930|230|720|840|2,1||27590|||PH|BL|5.2
30432|200|1350|1410|1,2||27582|||PH|BL|5.3
30433|202|0|1440|1,2|4|27589|||WH|BL|5.3
30434|207|0|1440|||27589|||WH|BL|5.3
30435|218|360|480|7||27585|||WH|BL|5.3
30436|224|0|1440|1|1,2|27589|||PH|BL|5.3
30437|228|1080|1440|4|1,2|27589|||PH|BL|5.3
30438|234|0|180|1|3|27590|||PH|BL|5.3
30439|236|1080|1200|1||27590|||PH|BL|5.3
32049|203|360|480|2|1|27589|||PH|BL|5.4
32050|208|0|1440|4|3,4|27585|||PH|BL|5.4
32051|213|1320|1440|3||27588,27457|||WH|BL|5.4
32052|220|720|960|10|2|27585|||PH|BL|5.4
32053|226|1020|1200|4||27587,27492|||WH|BL|5.4
32054|231|480|600|3|1|27590|||WH|BL|5.4
33239|206|960|1440|4|1,2|27589,28925|||WH|BL|5.55
33240|212|600|960|||27588|33319x1,27452x5|350|WH|BL|5.55
33241|215|0|120|14|11|27584|27462x10|360|PH|BL|5.55
33242|219|1410|1440|1|10|27589|||PH|BL|5.55
33243|225|600|720|||27587,27490,27491,28071|||WH|BL|5.55
33244|232|0|120|3|2|27590|33325x2|700|WH|BL|5.55
33316|199|1320|1440|1|1|27585|||PH|BL|5.5
33317|205|0|1440|10|7|27582|||PH|BL|5.5
33318|211|360|480|||27583|||PH|BL|5.5
33319|212|600|840|6|1,2|27590|||PH|BL|5.5
33320|217|360|600|14|1,2,14|27586,27464|||WH|BL|5.5
33321|223|0|1440|||27589|||PH|BL|5.5
33322|222|420|1020|1|10|27589|||PH|BL|5.5
33323|229|120|360|4|3|27589|||PH|BL|5.5
33324|245|360|420|||27587|||WH|BL|5.5
33325|232|1320|1440|2||27588|||WH|BL|5.5
33326|233|960|1200|3||27588,27506|||PH|BL|5.5
36414|259|480|960|2||36589,36412|||WM|LC|6
36440|265|960|1440|2||36591|||WM|LC|6
36454|269|0|1440|2||36593,36451|||WH|LC|6
36472|273|0|1440|2||36594,36470|||WH|LC|6
36480|275|0|1440|3||36591,36478|||WM|LC|6
36521|285|0|240|||36597,36596,36518|||WH|LC|6
36679|252|1200|1440|||36593|||WH|BL|6.1
36680|255|1080|1320|3||36591|||WH|BL|6.1
36681|260|240|480|||36591|||WH|BL|6.1
36682|264|0|1440|8||36591|||WH|BL|6.1
36683|270|0|1440|15||36591,36458|||WH|BL|6.1
36684|279|600|840|49||36595|||WH|BL|6.1
36685|283|480|720|149||36597|||WH|BL|6.1
37697|268|180|360|||36591,36447|||WM|LC|6.2
37845|253|960|1200|15||36591|||WH|BL|6.2
37846|257|480|960|3|1,2|36590|||WH|BL|6.2
37847|261|0|1440|4|1,2|36592|||WH|BL|6.2
37848|266|480|960|7,8|1,2|36590|||WH|BL|6.2
37849|271|120|480|15|3,4|36591|||WH|BL|6.2
37850|272|0|120|||36591|||WH|BL|6.2
37851|281|120|240|149||36591|||WH|BL|6.2
37852|284|120|240|49||36597|||WH|BL|6.2
37853|275|0|1440|49||36591,36478|||WH|BL|6.2
38830|254|480|840|1|2|36591|||PH|BL|6.3
38831|256|0|1440|7|3|36590|||WH|BL|6.3
38832|263|1200|1440|1|3|36592|||WH|BL|6.3
38833|267|1320|120|7||36591|||WH|BL|6.3
38834|274|600|780|49||36595|||WH|BL|6.3
38835|278|1200|240|149||36595,36489|||WH|BL|6.3
38836|277|240|600|1|3|36591|||PH|BL|6.3
39240|276|300|480|||36591|||PL|LC|6.3
39879|258|1320|120|2|7|36591|||WH|BL|6.4
39880|265|0|1440|3|4|36589|||WH|BL|6.4
39881|269|0|1440|2||36593,36451,36454|||WH|BL|6.4
39882|280|720|1200|49|149|36595|||WH|BL|6.4
39883|276|1200|1320|1,2|49|36590|||PH|BL|6.4
39912|258|960|1140|||36589|||WM|LC|6.4
41401|259|480|720|2|3|36591,36412|||WH|BL|6.5
41402|262|0|240|1|2|36592,36426|||WH|BL|6.5
41403|268|240|480|2|3|36591|36449x5|180|WH|BL|6.5
41404|273|120|480|148|2|36595,36470|||WH|BL|6.5
41405|282|1080|1320|2|149|36591|||WH|BL|6.5
41406|285|720|960|49|2|36597|||WH|BL|6.5
41407|259|540|720|2|1|36591,36412|36412x3|90|WH|BL|6.55
41408|269|840|960|2|8|36593|36454x12|300|WH|BL|6.55
41409|270|960|1440|15|2|36591|36458x3|35|WH|BL|6.55
41410|277|930|990|49|2|36590|||PH|BL|6.55
41411|273|480|600|2|148|36595|||WH|BL|6.55
41412|285|0|480|149|49|36597,36596,36518|36521x1,36520x2,36519x3|600|WH|BL|6.55
41419|280|1140|1320|||36594|||WM|LC|6.5
43685|299|1200|1440|||43858|||PL|LCM|7
43713|307|720|780|||43849,43852,43709|||WM|LC|7
43731|312|0|120|||43849,43852,43728|||WM|C|7
43749|318|1080|1200|||43850,43859,43746,43747|||WM|LC|7
43795|332|0|1440|3,4||43859|||WM|LCA|7
44339|294|0|1440|4||43858|||PH|BL|7.1
44340|297|720|840|||43854|||PH|BLM|7.1
44341|301|960|1200|3,4||43858|||WH|BL|7.1
44342|318|1200|1440|||43850,43859,43746,43747|||WH|BL|7.1
44343|308|0|1440|1||43858|||WH|BL|7.1
44344|327|0|240|||43858|||WH|BL|7.1
44345|319|240|480|1,2||43858|||WH|BL|7.1
44346|324|540|660|||43858|||WH|BLA|7.1
46189|299|720|960|4|2|43858|||WH|BL|7.3
46190|303|360|480|7||43858|||WH|BLA|7.3
46191|311|960|1080|7||43858|||WH|BL|7.3
46192|312|0|240|3|2|43849,43852,43728|||WH|BL|7.3
46193|322|1080|1440|6|1,2|43857|||PH|BL|7.3
46194|323|1200|1440|10||43858|||WH|BL|7.3
46195|329|240|360|7||43858|43781x3||WH|BL|7.3
46196|331|480|720|2|7|43859|||WH|BL|7.3
47988|295|300|420|||43859|||WH|BL|7.2
47989|300|720|840|1||43852,43849,43691|||H|BL|7.2
47990|302|0|240|3|2|43858|||WH|BL|7.2
47991|309|600|720|||43858|||WH|BL|7.2
47992|310|0|1440|3,4||43858|||WH|BL|7.2
47993|320|1200|1440|11|2|43855,43751|||WH|BL|7.2
47994|325|0|1440|7||43858|||WH|BL|7.2
47995|328|960|1080|2||43858|||WH|BLA|7.2
49794|296|960|1080|7|3|43859|||WH|BL|7.4
49795|304|480|720|7|3|43849,43852,43701|||WH|BL|7.4
49796|305|240|360|7||43858|||WH|BL|7.4
49797|313|0|120|4||43858|43735x3||WH|BL|7.4
49798|314|1200|1320|7||43855,43736|||WH|BL|7.4
49799|326|720|960|2|4|43855|||WH|BL|7.4
49800|330|120|240|7|4|43858|||WH|BLA|7.4
49801|333|1320|1440|3|7|43858|43796x3,43798x3||WH|BL|7.4
51999|298|0|120|15|3|43854|||WH|BLA|7.5
52000|306|780|900|4|3|43849,43709|||WH|BL|7.5
52001|307|240|360|3|7|43855|||WH|BL|7.5
52002|315|960|1260|7|1|43858,43740|||WH|BL|7.5
52003|316|960|1080|4|7|43858|||WH|BL|7.5
52004|317|960|1080|1|4|43858,43743|||WH|BL|7.5
52005|321|360|480|3|6|43857|43760x3||WH|BL|7.5
52006|332|480|780|4|3|43859|||WH|BL|7.5
52007|299|900|960|5|4|43858|||PH|BLM|7.55
52008|302|780|900|8|3|43849,43697|43697x6||WH|BL|7.55
52009|315|960|1260|7|1|43858,43740|52002x1,43740x3||WH|BL|7.55
52010|320|1320|1440|11|2|43855,43751,47993|||WH|BL|7.55
52011|332|480|780|4|3|43859|52006x1,43795x2||WH|BL|7.55
52297|326|120|240|50|10|43858|43775x1||WH|BL|7.55
